Name,#Call
.TAU_application,1
int_main(int_char_**),1
MPI_Init(),1
MPI_Finalize(),1
MPI_Allreduce(),63
void_CalcKinematicsForElems(Domain,64
void_CommSend(Domain,193
MPI_Waitall(),193
Real_t_CalcElemVolume(const,266240
MPI_Wait(),2171.86
void_CommSyncPosVel(Domain,64
void_CommMonoQ(Domain,64
MPI_Isend(),2171.86
void_CommSBN(Domain,65
void_Domain::Domain(Int_t_Index_t_Index_t_Index_t_Index_t_Int_t_Int_t_Int_t_Int_t),1
MPI_Barrier(),1
void_CommRecv(Domain,193
MPI_Irecv(),2171.86
MPI_Reduce(),1
MPI_Comm_rank(),581
void_Domain::SetupCommBuffers(Int_t),1
void_Domain::CreateRegionIndexSets(Int_t_Int_t),1
void_Domain::BuildMesh(Int_t_Int_t_Int_t),1
void_Domain::SetupElementConnectivities(Int_t),1
void_InitMeshDecomp(Int_t_Int_t_Int_t,1
void_Domain::SetupBoundaryConditions(Int_t),1
void_ParseCommandLineOptions(int_char_**_Int_t_cmdLineOpts,1
StrToInt,2
void_Domain::~Domain(),1
void_Domain::SetupSymmetryPlanes(Int_t),1
MPI_Comm_size(),1
void_VerifyAndWriteFinalOutput(Real_t_Domain,0.00291545
